1156748010.47817 60
1156748010.47865 1254
1156748010.47878 1514
1156748010.4789 1494
1156748010.47892 114
1156748010.47891 1514
1156748010.47903 1394
1156748010.47903 1514
1156748010.47905 60
1156748010.47929 60
1156748010.47942 60
1156748010.47979 66
1156748010.48015 1514
1156748010.48016 1514
1156748010.48028 1514
1156748010.48053 1514
1156748010.48065 1514
1156748010.48116 60
1156748010.48117 66
1156748010.48165 1514
1156748010.48167 60
1156748010.4819 1514
1156748010.48192 97
1156748010.48203 1514
1156748010.48228 1514
1156748010.48229 60
1156748010.48229 154
1156748010.5766 1514
1156748010.57661 399
1156748010.57673 60
1156748010.57736 60
1156748010.57747 1514
1156748010.57822 1514
1156748010.57847 1514
1156748010.57873 66
1156748010.57897 1514
1156748010.57911 60
1156748010.5791 1514
1156748010.57922 1514
1156748010.57936 60
1156748010.57947 1514
1156748010.5796 153
1156748010.57973 66
1156748010.57973 66
1156748010.57997 1514
1156748010.57998 759
